visitor-win-pct, visitor-ppg, visitor-oppg, home-win-pct, home-ppg, home-oppg, winner
.000,117.0,122.0,1.000,122.0,117.0,h
.000,121.0,130.0,1.000,130.0,121.0,h
.000,114.0,120.0,1.000,120.0,114.0,h
.000,98.0,102.0,1.000,102.0,98.0,h
1.000,107.0,96.0,.000,96.0,107.0,v
1.000,107.0,102.0,.000,102.0,107.0,v
1.000,108.0,96.0,.000,96.0,108.0,v
1.000,103.0,97.0,.000,97.0,103.0,v
1.000,113.0,94.0,.000,94.0,113.0,v
.000,91.0,109.0,1.000,109.0,91.0,h
visitor-win-pct, visitor-ppg, visitor-oppg, home-win-pct, home-ppg, home-oppg, winner
.000,117.0,122.0,1.000,122.0,117.0,h
.000,121.0,130.0,1.000,130.0,121.0,h
.000,114.0,120.0,1.000,120.0,114.0,h
.000,98.0,102.0,1.000,102.0,98.0,h
1.000,107.0,96.0,.000,96.0,107.0,v
1.000,107.0,102.0,.000,102.0,107.0,v
1.000,108.0,96.0,.000,96.0,108.0,v
1.000,103.0,97.0,.000,97.0,103.0,v
1.000,113.0,94.0,.000,94.0,113.0,v
.000,91.0,109.0,1.000,109.0,91.0,h
